image: utias_highres_jason.png
resolution: 0.02094240837696335078534031413613
origin: [-317.5, -175.0, 0.000000]
negate: 0
occupied_thresh: 0.65
free_thresh: 0.196

