image: utias_highres.png
resolution: 0.02094240837696335078534031413613
origin: [0.0, 0.0, 0.000000]
negate: 0
occupied_thresh: 0.65
free_thresh: 0.196

