image: utias.png
resolution: 0.010000
origin: [-80.360000, -11.560000, 0.000000]
negate: 0
occupied_thresh: 0.65
free_thresh: 0.196

